DSD: 1500
DSO: 1000
nDetector: [256, 512]
dDetector: [1.75, 1.75]
sDetector: [448, 896]
nVoxel: [256, 512, 256]
sVoxel: [256.0, 512.0, 256.0]
dVoxel: [1.0, 1.0, 1.0]
offOrigin: [0, 0, 0]
offDetector: [0, 0]
COR: 0
accuracy: 0.5
mode: cone
filter: None
radians: True
angles: [0.0, 0.1282282715750936, 0.2564565431501872, 0.3846848147252808, 0.5129130863003744, 0.6411413578754681, 0.7693696294505616, 0.8975979010256552, 1.0258261726007487, 1.1540544441758425, 1.2822827157509362, 1.4105109873260295, 1.5387392589011233, 1.6669675304762168, 1.7951958020513104, 1.9234240736264039, 2.0516523452014974, 2.1798806167765914, 2.308108888351685, 2.4363371599267785, 2.5645654315018724, 2.6927937030769655, 2.821021974652059, 2.949250246227153, 3.0774785178022466, 3.20570678937734, 3.3339350609524336, 3.462163332527527, 3.5903916041026207, 3.7186198756777147, 3.8468481472528078, 3.9750764188279017, 4.103304690402995, 4.231532961978089, 4.359761233553183, 4.487989505128277, 4.61621777670337, 4.744446048278463, 4.872674319853557, 5.00090259142865, 5.129130863003745, 5.257359134578838, 5.385587406153931, 5.513815677729025, 5.642043949304118, 5.770272220879212, 5.898500492454306, 6.026728764029399, 6.154957035604493]
